dataset usato src/topic_ds/job/job200.csv:
accuracy: 0.9
precision: [0.88888889 1.        ]
recall: [1.  0.5]
fscore: [0.94117647 0.66666667]
roc_auc: 0.98046875