dataset usato src/topic_ds/multilang/politics/politics200.csv:
accuracy: 0.725
precision: [0.69565217 0.76470588]
recall: [0.8  0.65]
fscore: [0.74418605 0.7027027 ]
roc_auc: 0.7737499999999999