dataset usato src/ds200.csv:
accuracy: 0.785
precision: [0.75449102 0.93939394]
recall: [0.984375   0.43055556]
fscore: [0.85423729 0.59047619]
roc_auc: 0.8472764756944444