dataset usato src/topic_ds/multilang/religion/religion200.csv:
accuracy: 0.675
precision: [0.64285714 0.69230769]
recall: [0.52941176 0.7826087 ]
fscore: [0.58064516 0.73469388]
roc_auc: 0.7902813299232738