dataset usato src/topic_ds/travel/travel200.csv:
accuracy: 0.825
precision: [0.80952381 0.84210526]
recall: [0.85 0.8 ]
fscore: [0.82926829 0.82051282]
roc_auc: 0.91875