dataset usato src/topic_ds/health/health200.csv:
accuracy: 0.825
precision: [0.84210526 0.80952381]
recall: [0.8  0.85]
fscore: [0.82051282 0.82926829]
roc_auc: 0.95875