dataset usato src/ds200.csv:
accuracy: 0.740625
precision: [0.76712329 0.7183908 ]
recall: [0.69565217 0.78616352]
fscore: [0.72964169 0.75075075]
roc_auc: 0.8123950154302902