dataset usato src/topic_ds/politics/politics200.csv:
accuracy: 0.625
precision: [0.66666667 0.6       ]
recall: [0.5  0.75]
fscore: [0.57142857 0.66666667]
roc_auc: 0.7625