dataset usato src/topic_ds/politics/politics200.csv:
accuracy: 0.75
precision: [0.70833333 0.8125    ]
recall: [0.85 0.65]
fscore: [0.77272727 0.72222222]
roc_auc: 0.79125