dataset usato src/topic_ds/multilang/health/health200.csv:
accuracy: 0.875
precision: [0.89473684 0.85714286]
recall: [0.85 0.9 ]
fscore: [0.87179487 0.87804878]
roc_auc: 0.935