[[ 1.     0.157  0.055 -0.008  0.051  0.222  0.043  0.165]
 [ 0.157  1.     0.097  0.019  0.1    0.014  0.178  0.128]
 [ 0.055  0.097  1.     0.046  0.009  0.067  0.028 -0.007]
 [-0.008  0.019  0.046  1.     0.096 -0.092  0.069  0.031]
 [ 0.051  0.1    0.009  0.096  1.     0.148  0.295  0.328]
 [ 0.222  0.014  0.067 -0.092  0.148  1.     0.194  0.192]
 [ 0.043  0.178  0.028  0.069  0.295  0.194  1.     0.229]
 [ 0.165  0.128 -0.007  0.031  0.328  0.192  0.229  1.   ]]