[[1.    0.182 0.183 0.129 0.172 0.02  0.118 0.081]
 [0.182 1.    0.225 0.353 0.263 0.081 0.226 0.116]
 [0.183 0.225 1.    0.453 0.557 0.071 0.408 0.314]
 [0.129 0.353 0.453 1.    0.481 0.119 0.356 0.463]
 [0.172 0.263 0.557 0.481 1.    0.032 0.45  0.379]
 [0.02  0.081 0.071 0.119 0.032 1.    0.055 0.115]
 [0.118 0.226 0.408 0.356 0.45  0.055 1.    0.206]
 [0.081 0.116 0.314 0.463 0.379 0.115 0.206 1.   ]]