[[ 1.     0.295  0.074  0.211  0.342  0.291  0.191  0.288]
 [ 0.295  1.     0.147  0.147  0.268  0.228  0.188  0.16 ]
 [ 0.074  0.147  1.     0.063  0.08  -0.026 -0.091  0.099]
 [ 0.211  0.147  0.063  1.     0.248  0.289  0.2    0.27 ]
 [ 0.342  0.268  0.08   0.248  1.     0.4    0.188  0.423]
 [ 0.291  0.228 -0.026  0.289  0.4    1.     0.104  0.277]
 [ 0.191  0.188 -0.091  0.2    0.188  0.104  1.     0.212]
 [ 0.288  0.16   0.099  0.27   0.423  0.277  0.212  1.   ]]