[[1.    0.232 0.328 0.977 0.206 0.256 0.231 0.254]
 [0.232 1.    0.2   0.231 0.308 0.092 0.457 0.307]
 [0.328 0.2   1.    0.347 0.069 0.129 0.107 0.168]
 [0.977 0.231 0.347 1.    0.214 0.264 0.247 0.271]
 [0.206 0.308 0.069 0.214 1.    0.252 0.239 0.169]
 [0.256 0.092 0.129 0.264 0.252 1.    0.088 0.241]
 [0.231 0.457 0.107 0.247 0.239 0.088 1.    0.34 ]
 [0.254 0.307 0.168 0.271 0.169 0.241 0.34  1.   ]]