dataset usato src/ds1000.csv:
accuracy: 0.983
precision: [0.97969543 0.99004975 0.985      0.96601942 0.99489796]
recall: [0.965 0.995 0.985 0.995 0.975]
fscore: [0.97229219 0.9925187  0.985      0.98029557 0.98484848]
dataset usato src/ds1000.csv:
accuracy: 0.986
precision: [1.         0.99004975 0.98039216 0.96568627 0.99502488]
recall: [0.95  0.995 1.    0.985 1.   ]
fscore: [0.97435897 0.9925187  0.99009901 0.97524752 0.99750623]
