dataset usato src/ds1000.csv:
accuracy: 0.971
precision: [0.98351648 0.98507463 1.         0.89908257 0.99497487]
recall: [0.895 0.99  1.    0.98  0.99 ]
fscore: [0.93717277 0.98753117 1.         0.93779904 0.9924812 ]