dataset usato src/ds1000.csv:
precision: [0.99447514 0.98514851 1.         0.9124424  1.        ]
recall: [0.9   0.995 1.    0.99  1.   ]
fscore: [0.94488189 0.99004975 1.         0.94964029 1.        ]

dataset usato src/ds1000.csv:
accuracy: 0.971
precision: [0.98351648 0.98507463 1.         0.89908257 0.99497487]
recall: [0.895 0.99  1.    0.98  0.99 ]
fscore: [0.93717277 0.98753117 1.         0.93779904 0.9924812 ]