dataset usato src/ds1000.csv:

accuracy: 0.972
precision: [0.99453552 0.985      0.98979592 0.91284404 0.98522167]
recall: [0.91  0.985 0.97  0.995 1.   ]
fscore: [0.95039164 0.985      0.97979798 0.95215311 0.99255583]