dataset usato src/dataset.csv:
precision: [0.696793   0.99766511 0.99733954 0.61365034 0.        ]
recall: [0.956      0.997      0.99966667 0.998      0.        ]
fscore: [0.80607083 0.99733244 0.99850175 0.75999492 0.        ]
dataset usato src/dataset_nosense.csv:
precision: [0.99051633 0.99866355 1.         0.9435153  0.99231797]
recall: [0.94       0.99633333 0.999      0.99666667 0.99033333]
fscore: [0.96459723 0.99749708 0.99949975 0.96936294 0.99132466]