dataset usato src/topic_ds/multilang/travel/travel200.csv:
accuracy: 0.85
precision: [0.79166667 0.9375    ]
recall: [0.95 0.75]
fscore: [0.86363636 0.83333333]
roc_auc: 0.97125